0 1
0 3
0 6
0 7
0 52
1 2
1 3
1 5
1 14
2 9
2 12
2 23
2 42
3 4
3 6
3 7
3 41
4 5
4 7
4 102
5 6
5 12
5 13
5 42
6 8
6 9
6 11
6 55
7 9
7 19
8 10
8 25
8 29
8 38
9 10
9 37
10 11
10 15
10 37
11 12
11 13
11 21
12 13
12 16
12 26
13 14
13 32
13 48
14 16
14 18
14 27
14 85
15 16
15 24
16 17
16 186
17 18
17 23
18 19
18 20
18 22
19 21
19 22
19 68
20 21
20 22
20 148
21 22
21 36
21 67
22 23
22 26
22 27
23 24
23 28
23 35
24 26
24 27
24 28
24 33
24 40
25 35
25 126
26 27
26 32
26 42
26 81
27 28
27 30
27 36
27 56
28 30
28 31
28 74
29 35
29 38
29 81
29 82
29 119
30 31
30 32
30 101
31 32
31 33
31 34
32 33
32 34
32 47
32 55
33 34
33 37
33 40
34 36
34 39
35 38
35 105
35 126
36 38
36 39
36 43
36 124
37 40
37 48
37 121
37 129
37 182
38 39
38 51
39 40
39 41
39 44
40 41
40 45
40 60
41 42
41 43
41 44
42 43
42 45
42 61
42 68
42 85
43 44
43 54
43 57
44 45
44 46
44 47
44 50
45 46
45 49
46 47
46 49
46 50
46 51
47 49
47 50
47 67
48 107
48 110
48 123
49 50
49 60
49 128
50 52
50 53
51 57
51 59
51 66
52 53
52 72
53 54
53 55
53 58
54 55
54 56
55 56
55 58
55 77
55 78
56 57
56 61
56 78
57 58
57 59
57 97
58 59
58 60
58 62
58 63
59 62
59 69
60 61
60 62
60 65
61 64
61 65
61 181
62 63
63 64
63 65
63 68
63 70
64 67
64 99
64 133
65 66
65 87
66 70
66 76
66 87
67 68
67 79
67 139
68 69
68 70
68 141
68 165
69 70
69 73
70 71
71 72
71 74
71 76
72 74
72 115
72 136
73 81
73 90
73 105
74 75
74 94
75 76
75 77
76 77
76 79
76 83
76 109
77 78
77 79
77 144
78 80
78 85
78 118
78 150
79 80
79 102
79 116
80 83
80 85
81 82
81 97
81 103
81 112
82 95
82 102
83 84
84 85
84 87
84 88
84 192
85 86
86 88
86 89
86 105
86 122
87 88
87 93
87 127
87 131
88 89
88 90
89 90
89 91
89 92
90 91
90 107
91 92
91 93
91 94
92 93
92 113
93 94
93 96
93 109
94 95
94 96
94 97
94 98
94 125
95 98
95 107
95 148
96 97
97 98
97 102
97 125
98 99
98 100
99 100
99 150
100 101
100 102
100 103
101 103
101 104
101 152
102 104
102 107
102 111
102 172
103 104
104 106
105 110
105 122
106 108
107 110
107 137
108 109
108 113
108 114
109 111
109 113
109 114
109 122
109 128
110 112
110 117
110 119
110 137
111 113
111 114
112 129
112 135
112 165
113 114
113 116
114 115
114 116
114 118
114 142
115 116
115 117
115 197
116 117
116 118
116 122
116 186
117 119
117 121
118 120
118 121
118 136
118 147
119 121
119 126
119 140
119 154
120 122
120 123
121 123
121 125
121 165
122 124
122 125
122 133
122 138
122 148
123 124
123 126
123 197
124 126
124 127
124 132
125 133
125 145
125 154
125 175
126 127
126 137
126 155
126 156
127 128
127 132
128 131
128 160
129 176
129 182
131 132
131 136
131 146
132 133
132 134
132 138
132 141
133 134
133 135
134 135
134 136
134 151
135 136
135 139
135 162
135 192
136 139
136 141
136 143
136 146
136 163
137 140
138 144
138 173
139 140
139 141
139 143
139 175
140 141
140 142
140 145
140 154
140 156
141 142
141 143
142 143
142 147
142 153
143 144
143 147
143 157
144 145
144 146
144 172
145 146
145 147
145 154
145 157
146 149
147 148
147 150
147 151
147 152
147 162
148 150
148 161
148 177
149 151
149 152
149 160
149 168
150 151
150 178
150 181
151 152
151 155
152 153
152 155
152 157
152 160
153 154
153 158
153 186
154 155
154 156
154 158
155 156
155 157
155 158
156 159
156 167
157 159
157 160
157 161
157 162
158 159
158 164
158 172
159 161
159 166
159 169
160 163
160 164
160 168
160 188
161 162
162 163
162 164
162 166
163 164
163 168
163 172
163 179
164 165
164 166
164 167
164 171
165 166
165 167
165 175
165 176
165 191
166 168
166 169
166 174
166 191
167 168
167 171
168 171
168 188
169 170
170 171
170 182
170 195
170 198
171 173
171 174
172 180
172 185
172 190
173 174
173 175
173 194
174 177
174 179
174 184
175 176
175 177
176 182
177 178
177 179
177 180
178 179
179 180
179 181
180 183
180 185
181 183
182 194
182 198
183 184
184 185
184 186
184 187
185 186
185 187
186 187
187 188
187 189
188 189
188 194
188 199
189 190
189 191
189 192
189 193
190 191
191 192
191 193
192 193
193 194
193 195
193 196
194 196
194 199
195 196
195 198
196 197
196 198
197 199
