0 25
0 49
1 3
1 14
2 12
2 15
3 6
3 14
4 17
5 6
5 7
5 8
5 19
6 8
6 9
7 8
7 72
7 103
8 9
8 26
8 38
9 13
10 23
12 15
12 26
13 14
13 16
13 27
14 16
14 85
15 26
15 33
16 21
16 27
16 50
17 18
18 28
19 20
19 24
19 58
20 24
20 48
21 27
22 176
23 30
23 182
24 39
24 41
25 32
25 49
26 33
26 42
26 59
27 31
27 38
27 43
28 31
28 34
30 65
31 34
31 43
32 49
32 84
33 42
33 99
34 35
35 37
36 56
37 40
38 41
38 47
39 44
39 46
40 45
40 71
40 77
40 79
41 43
41 44
41 47
41 59
42 58
42 64
42 76
43 45
43 47
43 50
44 46
44 48
45 47
45 50
45 52
45 79
46 48
46 51
47 50
47 53
47 59
48 51
48 67
48 130
49 84
49 87
49 107
50 52
50 85
51 54
52 70
52 75
52 85
53 58
53 59
53 63
54 55
55 57
56 89
56 104
57 58
57 67
57 69
58 63
58 64
58 67
59 60
60 68
60 71
60 74
60 75
60 80
63 66
64 74
64 76
66 74
66 77
66 78
67 68
67 69
67 71
68 69
68 70
68 102
69 80
69 88
69 93
69 101
70 71
70 72
70 89
71 72
71 75
71 79
71 93
72 75
72 87
72 103
72 138
72 144
74 75
74 76
74 77
74 78
75 80
75 85
75 92
76 77
76 82
76 95
76 99
77 78
77 79
77 95
78 98
79 83
80 87
80 92
80 102
80 117
81 154
82 95
83 91
84 107
84 134
85 86
86 89
86 92
86 122
87 88
87 105
87 107
88 93
88 126
89 92
89 104
89 115
91 94
92 96
93 101
93 102
94 109
94 121
95 99
95 114
95 139
96 97
97 100
98 132
99 114
99 125
100 105
100 108
101 102
101 106
101 148
102 103
102 105
102 106
103 105
103 112
104 116
105 106
105 108
105 113
106 110
107 134
108 109
108 115
108 117
109 115
109 121
110 113
110 118
113 117
113 118
114 125
114 141
115 122
115 127
115 143
116 135
117 119
118 120
118 129
119 120
119 127
120 123
121 124
122 127
122 133
123 127
123 129
123 137
124 128
125 131
127 133
127 137
127 138
128 139
128 140
129 130
129 136
130 136
130 180
131 141
131 150
131 158
132 139
132 147
132 155
133 138
133 154
135 172
136 144
136 148
136 152
137 138
137 141
137 143
137 145
138 143
138 144
139 140
139 141
139 142
140 142
140 151
141 142
141 145
141 147
141 158
141 164
142 147
142 151
142 155
143 145
143 153
143 163
144 145
144 148
144 152
144 154
144 163
145 146
146 153
146 154
146 156
147 150
147 155
148 149
149 152
149 175
150 155
150 157
150 158
150 195
151 159
152 157
152 170
152 175
153 156
153 163
153 181
154 156
154 163
154 172
155 164
155 165
156 157
156 169
157 164
157 169
157 170
158 164
158 174
158 188
159 160
160 161
161 162
162 189
163 172
163 178
163 181
164 165
164 173
164 174
165 167
167 168
168 171
169 170
169 178
169 183
170 172
170 175
170 178
170 197
171 173
171 185
172 181
172 183
172 190
173 174
173 185
174 188
174 195
175 177
177 179
178 180
178 181
178 183
179 180
179 184
180 184
180 186
181 190
183 184
183 190
183 198
184 186
184 192
184 198
185 187
186 192
186 197
187 194
188 195
189 191
190 198
191 193
192 197
193 195
194 196
195 196
197 199
