0 25
1 3
1 6
2 7
3 6
3 14
4 17
5 8
5 38
5 41
6 9
7 12
8 13
8 38
8 41
8 63
9 13
9 27
12 15
13 14
13 41
14 16
15 26
16 27
16 38
17 18
18 28
19 20
20 24
22 176
23 182
24 39
25 49
26 33
27 38
27 40
27 43
28 31
31 34
32 84
33 42
34 35
35 37
36 56
37 40
37 79
38 41
38 43
38 85
39 44
40 43
40 71
40 79
41 47
42 64
42 68
43 45
44 46
45 50
46 48
47 53
47 59
48 51
49 107
50 52
51 54
52 71
52 85
52 89
53 59
53 63
54 55
55 57
56 104
57 58
58 67
59 60
60 68
60 74
60 75
63 66
64 68
64 76
66 74
66 78
67 68
67 69
68 69
68 74
68 76
69 93
70 71
70 72
71 72
71 75
71 79
72 144
74 75
74 78
74 80
75 80
75 85
76 82
76 99
77 139
78 98
79 83
80 102
82 99
83 91
84 134
85 86
86 89
86 92
86 111
88 126
89 92
91 94
92 96
93 101
94 109
95 164
96 97
97 100
98 132
99 103
100 108
101 106
101 110
102 105
103 112
103 114
104 116
105 113
106 110
108 115
109 121
110 118
111 154
112 114
113 117
114 125
115 122
115 133
116 135
117 119
118 129
119 120
120 123
121 124
122 133
123 127
124 128
125 131
127 137
128 140
129 130
130 136
131 141
132 155
133 138
136 148
137 145
138 143
139 142
140 151
141 147
142 173
143 153
144 178
145 146
146 156
147 150
148 149
149 152
150 158
151 159
152 170
153 154
153 172
154 163
155 165
156 157
157 169
158 173
158 174
159 160
160 161
161 162
162 189
163 172
165 167
167 168
168 171
169 183
170 175
171 185
172 181
173 174
174 188
175 177
177 179
179 180
180 184
180 186
181 190
183 184
183 198
184 186
184 198
185 187
186 192
187 194
188 195
189 191
191 193
192 197
194 196
197 199
