0 25
1 6
2 7
3 111
4 17
5 41
6 9
7 12
9 13
12 15
13 14
14 16
15 26
16 27
17 18
18 28
19 20
20 24
22 176
23 182
24 39
25 49
26 33
27 38
28 31
31 34
32 84
33 42
34 35
35 37
36 56
37 40
38 43
39 44
40 79
41 47
42 64
43 45
44 46
45 50
46 48
47 53
48 51
49 107
50 52
51 54
52 71
53 59
54 55
55 57
56 104
57 58
58 67
59 60
60 70
63 66
64 68
66 78
67 69
68 76
69 93
70 72
71 75
72 74
74 80
75 85
76 77
77 82
78 98
79 83
80 102
82 99
83 91
84 134
85 86
86 92
88 126
91 94
92 96
93 101
94 109
95 164
96 97
97 100
98 132
99 103
100 108
101 106
102 105
103 114
104 116
105 113
106 110
108 115
109 121
110 118
113 117
114 125
115 119
116 135
117 120
118 129
119 122
120 123
121 124
122 133
123 127
124 128
125 131
127 137
128 140
129 130
130 136
131 139
132 155
133 138
136 148
137 144
138 143
139 141
140 151
141 142
142 147
143 153
144 145
145 146
146 156
147 150
148 149
149 152
150 158
151 159
152 170
153 154
154 163
155 165
156 157
157 169
158 173
159 160
160 161
161 162
162 189
163 172
165 167
167 168
168 171
169 178
170 175
171 185
172 181
173 174
174 188
175 177
177 179
178 183
179 180
180 186
181 190
183 184
185 187
186 192
187 194
188 195
189 191
190 198
191 193
192 197
194 196
197 199
