0 52
1 2
1 6
1 21
1 41
2 4
2 7
4 8
4 12
4 18
6 11
6 12
6 118
7 8
7 22
8 10
8 29
8 38
9 57
10 18
10 121
11 118
12 25
12 43
12 68
15 87
15 131
16 22
18 23
18 26
21 41
22 41
22 47
22 56
22 100
23 25
23 39
23 121
24 49
25 26
25 29
26 28
26 29
28 34
28 36
29 35
29 38
30 101
34 52
34 77
35 38
35 43
35 90
36 56
37 182
38 43
38 51
39 104
40 45
40 60
41 46
41 74
43 48
43 55
43 103
44 183
45 47
46 47
46 77
47 49
47 53
48 51
48 62
49 60
49 109
49 146
51 59
52 58
53 55
53 58
55 57
55 58
55 71
56 77
56 144
56 164
56 166
57 93
57 108
57 157
58 63
58 76
58 99
59 69
60 65
62 68
63 71
65 80
65 131
68 76
68 81
69 73
71 79
71 83
71 116
73 74
73 81
73 90
73 137
74 80
74 81
76 88
76 109
77 83
77 88
77 89
77 95
78 79
79 89
79 144
80 83
80 145
81 82
82 90
82 95
82 102
83 90
83 91
83 94
85 86
86 133
87 131
88 91
88 164
89 90
89 92
89 113
90 91
90 93
90 94
90 95
90 105
91 92
91 94
91 99
92 97
92 113
93 97
93 113
94 95
94 98
94 109
95 97
95 101
95 102
97 104
97 108
97 116
98 99
99 103
99 141
101 104
101 132
102 105
102 107
102 155
103 109
104 105
104 106
104 132
105 107
106 132
107 110
108 124
108 145
109 111
109 115
109 124
109 146
109 194
110 112
110 116
110 117
110 119
111 173
112 116
112 117
113 165
115 123
116 117
116 118
116 184
117 119
117 141
118 141
118 147
119 120
119 121
119 125
119 140
120 125
121 125
123 124
124 142
124 152
124 157
125 126
125 158
126 129
126 154
128 188
129 137
129 140
129 182
131 149
131 168
132 141
137 140
137 159
140 145
140 148
140 153
141 146
141 148
141 164
141 175
142 146
145 154
145 157
145 183
145 187
146 149
146 177
146 194
146 199
148 153
148 175
149 186
149 199
152 165
153 154
153 159
154 155
154 156
155 156
156 158
156 159
157 183
157 196
158 159
158 166
158 172
158 175
159 165
159 169
164 173
165 166
165 175
165 179
166 169
166 172
169 170
169 198
170 175
170 187
170 195
170 198
172 176
172 182
173 186
173 194
175 176
175 177
175 179
176 190
176 193
177 179
177 187
179 184
179 186
179 196
183 187
184 186
186 189
186 194
187 189
187 190
187 196
189 191
189 194
190 195
190 198
191 193
193 195
193 196
194 197
194 199
195 198
