0 25
1 3
1 6
1 14
2 7
3 6
4 17
5 8
5 41
6 9
7 12
8 38
8 41
8 53
9 13
9 14
9 27
10 23
12 15
13 14
14 16
14 27
15 16
15 26
16 26
16 27
16 85
17 18
18 28
19 20
20 24
22 62
22 90
22 176
23 182
24 39
25 49
26 33
26 42
27 37
27 38
28 31
31 34
32 84
33 42
33 114
34 35
35 37
35 79
36 56
37 40
38 41
38 43
39 44
40 43
40 71
40 77
40 79
41 47
42 68
42 76
42 82
43 45
43 50
44 46
45 50
45 52
46 48
47 53
47 59
48 51
49 107
50 52
51 54
52 71
52 75
52 81
52 92
53 59
53 63
54 55
55 57
56 104
57 58
58 67
59 60
60 68
60 75
60 80
62 90
63 66
66 74
66 78
67 68
67 69
68 69
68 74
68 82
69 93
70 71
70 72
71 72
71 79
71 85
72 144
74 75
74 78
74 80
75 80
75 81
75 85
76 82
77 79
77 139
78 98
79 83
80 102
81 85
81 111
82 95
82 99
83 91
85 86
86 89
88 126
89 92
90 176
91 94
92 96
93 101
94 100
94 109
95 99
95 164
96 97
97 100
97 108
98 132
99 103
99 112
100 108
100 109
101 106
101 110
102 103
102 105
103 105
103 112
103 114
104 116
105 113
106 110
108 115
109 121
110 118
112 114
112 125
113 117
114 125
115 119
115 122
115 133
116 135
117 119
117 120
118 126
118 129
119 120
119 133
120 123
121 124
122 133
123 127
124 128
125 131
126 129
127 137
128 139
128 140
129 130
129 136
130 136
131 141
132 155
133 138
136 148
137 145
138 143
138 153
139 140
139 142
140 142
140 151
141 147
141 150
142 151
143 153
144 178
145 146
146 156
147 150
148 149
149 152
150 158
151 159
152 170
153 154
154 172
155 165
156 157
157 169
158 164
158 173
158 174
159 160
160 161
161 162
162 189
164 174
165 167
165 168
167 168
168 171
169 183
170 175
171 185
172 181
172 190
173 174
174 188
174 195
175 177
177 179
179 180
180 184
180 186
181 190
183 184
183 198
184 186
184 198
185 187
186 192
187 194
188 195
189 191
191 193
192 197
194 196
197 199
