1 2
1 22
1 92
1 111
2 4
2 12
4 7
4 8
4 12
4 36
6 41
7 18
8 10
8 26
8 38
8 69
10 26
10 42
12 21
12 25
12 44
16 108
17 23
18 23
18 75
19 140
21 25
21 53
22 58
23 26
23 28
25 26
25 58
25 112
26 28
26 29
28 29
28 36
29 34
29 35
29 38
34 38
35 36
35 37
35 38
36 41
36 56
36 65
37 43
38 41
38 43
38 48
38 51
41 43
41 44
41 71
41 74
42 49
43 46
43 48
43 78
44 46
44 47
44 183
46 47
46 54
46 99
47 51
47 101
48 51
48 59
48 77
49 121
49 199
51 59
53 58
53 141
54 56
55 111
56 62
56 124
57 97
57 144
58 63
59 68
59 69
59 76
62 82
63 71
63 109
65 109
68 69
69 73
69 74
69 159
71 89
71 103
73 81
73 112
73 140
74 77
74 80
75 193
76 88
77 79
77 81
78 158
79 81
81 82
82 89
82 90
82 95
83 90
83 149
85 86
87 131
88 90
88 164
89 90
89 113
90 91
90 92
90 94
90 95
91 94
92 98
92 179
94 95
94 99
94 124
95 97
95 99
95 102
95 121
97 99
97 145
98 123
99 102
99 165
101 173
102 103
102 104
102 105
103 104
103 145
104 105
105 106
105 107
105 110
106 107
107 109
107 110
109 110
109 146
109 187
110 112
110 113
110 116
110 117
111 153
111 165
112 116
112 129
112 159
113 116
113 124
116 117
117 119
119 120
119 121
119 125
120 125
121 125
121 166
121 187
123 187
124 137
124 191
125 126
125 132
126 129
126 137
126 140
126 141
129 137
129 165
131 168
132 140
137 140
137 154
140 145
140 159
141 152
141 176
144 153
145 146
145 153
145 154
146 148
148 153
152 154
153 154
153 170
154 155
154 156
155 156
156 158
156 159
158 159
158 164
158 166
159 165
159 166
159 169
159 170
164 165
165 169
166 169
166 170
166 172
169 170
169 173
169 198
170 172
170 175
172 175
173 175
173 177
175 176
175 186
176 179
176 182
179 184
182 184
184 186
186 187
186 190
186 195
187 189
187 194
189 190
190 191
190 193
190 195
191 195
193 195
194 199
195 198
