0 1
0 4
0 9
0 32
0 52
1 3
1 4
1 5
1 21
2 29
2 81
2 99
3 5
3 6
3 31
3 32
3 150
4 5
4 6
4 23
4 68
4 172
5 6
5 11
5 12
5 13
6 8
6 11
6 20
6 151
7 9
7 19
8 11
8 29
8 35
8 38
9 10
9 14
9 57
9 194
10 12
10 15
10 16
10 18
10 23
11 12
11 13
11 175
12 13
12 17
12 18
13 14
13 17
13 48
13 118
14 18
14 27
14 37
15 16
15 24
16 18
16 56
16 58
16 186
17 22
17 41
17 53
18 20
18 21
18 22
18 23
19 109
19 120
19 140
20 32
20 62
20 123
21 22
21 36
21 54
22 23
22 26
22 27
22 44
23 24
23 26
23 28
23 37
24 27
24 30
24 40
25 44
25 129
26 27
26 28
26 42
27 28
27 30
27 36
28 30
28 34
28 36
29 37
29 82
29 107
29 119
30 31
30 32
30 34
30 40
30 94
31 33
31 50
32 34
32 46
32 52
32 70
33 34
33 127
34 36
34 38
34 39
35 38
35 81
35 119
35 167
36 41
36 56
36 124
37 38
37 85
37 107
37 121
37 136
38 41
38 51
39 40
39 46
39 50
39 72
39 172
40 42
40 45
40 49
41 42
41 43
41 46
41 50
42 44
42 45
42 61
43 44
43 56
43 70
43 103
44 46
44 47
44 50
44 57
45 46
45 47
45 49
46 47
46 52
46 66
46 74
47 49
47 51
47 53
48 115
49 53
49 60
50 52
50 53
50 56
50 63
51 59
51 66
52 53
52 54
52 55
52 58
52 111
53 54
53 57
53 58
53 74
54 55
54 64
55 56
55 71
55 84
55 92
56 57
56 62
56 77
56 78
56 99
57 58
57 59
57 74
57 93
57 108
58 60
58 63
58 98
58 114
59 63
59 69
60 61
60 65
61 65
62 63
62 77
63 64
63 68
63 70
64 66
64 67
64 72
64 89
65 66
65 72
65 87
65 128
66 67
66 71
66 76
66 87
66 127
67 71
67 79
67 93
68 69
68 70
69 71
69 73
70 71
70 83
70 84
70 91
70 136
71 73
71 76
71 79
71 92
71 99
72 75
72 115
72 138
73 74
73 80
73 81
73 97
73 105
74 75
74 77
74 94
75 76
75 78
76 77
76 79
76 80
76 83
76 102
77 78
77 87
77 88
77 97
78 79
78 80
78 85
78 150
79 84
79 89
79 116
80 83
80 88
80 90
81 82
81 112
81 117
82 102
82 107
83 84
83 87
83 135
84 85
84 88
84 90
84 93
85 86
86 88
86 90
86 91
86 122
87 88
87 94
87 109
87 123
87 131
88 89
88 90
88 91
88 99
88 100
89 90
89 91
89 113
90 91
90 94
90 113
90 119
90 133
91 92
91 93
91 94
92 93
92 95
92 96
92 103
92 181
93 96
93 97
93 118
93 122
93 142
94 98
94 101
94 104
95 98
96 97
97 98
97 100
97 108
97 119
98 99
98 100
98 114
98 146
99 100
99 103
99 105
99 115
99 139
100 101
100 104
100 118
101 104
101 105
101 124
102 109
102 110
102 129
103 104
103 125
104 106
104 120
105 106
105 110
106 108
106 109
106 114
106 121
107 110
108 113
108 116
108 145
108 187
109 121
109 128
109 173
109 189
109 194
110 117
110 125
110 137
111 114
112 152
113 114
113 116
113 174
114 116
114 121
114 136
114 180
115 123
115 177
115 197
116 117
116 118
116 142
117 119
117 134
117 144
118 122
118 123
118 136
118 141
118 143
119 125
119 126
119 137
120 121
121 123
121 124
121 132
121 166
121 182
122 124
122 133
123 124
123 127
123 128
123 148
123 166
124 126
124 132
124 134
124 152
124 166
125 126
125 129
125 182
126 131
126 140
126 154
127 132
128 131
128 160
129 137
129 154
129 155
131 132
131 146
131 149
132 133
132 142
132 152
132 163
133 134
133 135
133 150
134 135
134 139
134 140
135 136
135 139
135 162
135 192
136 139
136 143
136 151
136 163
137 140
137 154
138 144
139 141
139 143
140 141
140 145
140 153
140 155
140 156
141 142
141 143
141 144
141 151
142 143
142 144
142 145
142 175
143 144
143 145
143 147
143 157
144 146
144 147
144 171
144 186
145 147
145 157
145 187
146 149
146 184
147 148
147 157
147 162
147 163
147 179
148 157
148 177
149 160
149 161
149 165
149 168
150 177
150 182
151 152
151 153
151 165
152 158
152 164
152 165
153 154
153 161
154 155
154 156
154 158
155 156
155 159
156 158
156 159
157 159
157 161
157 166
157 183
158 172
159 162
159 166
159 169
160 168
160 188
161 162
161 163
161 164
162 163
162 164
162 177
162 192
163 164
163 174
163 180
164 167
164 169
164 171
165 168
165 175
165 179
166 169
166 174
166 181
166 191
167 168
168 171
168 188
168 199
169 170
170 176
170 177
170 191
170 198
171 172
171 173
172 178
172 185
173 174
173 175
173 183
173 185
173 194
174 179
174 180
174 193
175 180
175 186
176 182
177 178
177 179
177 197
178 179
178 190
179 180
179 181
179 184
180 183
180 185
181 183
182 189
183 184
183 185
183 187
184 186
184 189
184 192
184 197
185 186
185 193
186 187
187 189
187 193
187 196
188 199
189 190
189 191
189 195
190 191
191 192
191 195
191 198
192 193
193 194
193 196
194 196
195 196
195 198
196 198
196 199
