0 2
0 32
0 49
1 3
1 14
2 7
2 12
2 15
2 70
2 99
3 6
3 14
4 17
5 6
5 7
5 19
5 20
5 41
6 8
6 9
7 8
7 12
7 103
8 9
8 19
8 26
8 38
9 13
10 23
11 22
12 15
12 26
13 14
13 16
13 27
14 16
14 21
14 85
15 24
15 26
15 33
15 42
15 131
16 22
16 27
16 50
17 18
18 28
19 20
19 24
19 35
19 131
20 24
20 39
20 48
21 22
21 36
22 27
23 30
23 166
23 182
24 39
24 44
24 49
25 107
26 33
26 37
26 42
27 31
27 36
27 38
27 41
28 31
28 34
29 82
30 65
31 34
31 36
31 40
32 84
33 42
33 58
33 114
34 35
34 37
34 79
35 37
35 40
35 77
36 43
36 56
37 38
37 40
37 71
38 41
38 48
38 59
39 41
39 44
39 46
40 43
40 77
40 79
40 109
41 43
41 44
41 59
41 60
42 58
42 64
42 68
42 76
43 45
43 47
43 50
44 46
44 129
45 47
45 50
45 52
46 47
46 48
46 51
47 50
47 53
47 54
47 75
48 51
48 110
48 129
49 60
49 65
49 87
50 52
50 85
51 54
51 59
52 70
52 71
52 85
53 58
53 63
53 74
54 55
55 57
56 104
56 116
57 58
57 65
57 69
57 87
58 59
58 60
58 67
58 76
59 60
59 69
59 80
60 64
60 67
60 87
62 90
63 66
63 77
64 67
64 76
64 173
65 93
66 74
66 78
67 68
67 70
67 71
67 80
68 69
68 74
68 76
68 95
69 70
69 93
69 97
69 102
70 71
70 72
71 76
71 81
71 88
71 92
71 142
72 75
72 93
72 138
72 178
74 75
74 77
74 78
74 163
75 78
75 80
75 105
75 127
76 82
76 99
76 113
77 78
77 79
77 139
78 98
79 83
80 89
80 92
80 107
80 120
81 85
82 95
82 114
83 91
84 103
84 134
85 86
86 89
86 122
87 88
87 123
88 93
88 106
88 126
89 92
89 115
91 94
92 96
93 101
93 102
94 109
94 121
95 99
95 125
96 97
96 100
97 100
97 102
98 132
99 103
99 114
99 125
99 147
100 102
100 103
100 108
101 106
101 118
101 129
101 148
102 105
102 106
102 110
102 120
103 108
103 112
103 114
103 163
104 116
105 106
105 110
105 127
106 108
106 110
106 113
106 144
107 117
108 109
108 110
108 115
109 115
109 121
109 128
110 113
110 118
110 119
110 158
113 117
113 118
114 125
114 131
114 173
115 119
115 122
115 127
116 135
117 118
117 119
117 123
118 119
118 123
118 126
118 136
119 120
119 129
119 143
120 123
120 129
120 137
120 138
121 124
122 133
123 127
123 130
123 131
123 136
124 128
124 139
125 131
125 139
125 141
125 158
126 136
127 130
127 141
127 143
127 145
127 146
128 140
128 151
128 160
129 130
129 137
129 149
129 175
129 180
130 136
130 137
130 141
131 141
131 149
131 158
131 164
131 188
132 139
132 142
132 146
132 155
133 137
133 143
136 144
136 148
136 180
137 138
137 140
137 143
138 144
138 145
138 153
139 140
139 141
139 142
139 155
140 142
140 145
140 151
141 143
141 145
141 147
141 150
141 157
142 147
142 151
142 155
143 144
143 145
143 163
143 181
143 183
144 148
144 163
145 146
145 153
145 154
146 147
146 150
146 153
147 150
147 155
148 149
148 152
149 152
149 175
149 188
149 197
150 153
150 157
150 164
151 154
151 159
151 160
152 157
152 170
152 175
153 154
153 156
153 183
154 156
154 159
155 165
156 157
156 159
156 169
157 158
157 164
157 170
158 164
158 174
158 188
158 197
159 160
159 161
159 169
160 161
161 162
162 189
163 172
163 181
164 169
164 173
164 174
164 188
165 167
167 168
168 171
169 170
169 172
169 198
170 172
170 175
170 177
170 178
170 195
171 173
171 185
172 178
172 181
172 190
173 174
173 185
174 183
174 188
174 195
175 177
177 178
177 179
178 179
178 181
178 183
179 180
179 184
179 186
180 183
180 184
180 186
181 190
183 184
184 186
184 195
185 187
186 192
187 194
188 199
189 191
190 195
190 198
191 193
192 197
194 196
195 196
195 198
196 198
197 199
